00100000
00000000
00000000
00000110
00100000
00100001
00000000
00000010
00100000
01000010
00000000
00000001
00100000
10000100
00000000
00000000
00100000
10100101
00000000
00000000
00010000
00000001
00000000
00001000
00100000
10000011
00000000
00000001
00100000
01000101
00000000
00000000
00010000
01100001
00000000
00000011
00111100
10100010
00010000
00100000
00100000
01100011
00000000
00000001
00001000
00000000
00000000
00001000
00100000
00100001
00000000
00000001
00001000
00000000
00000000
00000101
10101100
10000010
00000000
00001010
