10001100
00001101
00000000
00000000
10001100
00001110
00000000
00000001
10001100
00001111
00000000
00000010
10001100
00010000
00000000
00000011
10001100
00010001
00000000
00000100
10001100
00010010
00000000
00000101
10001100
00010011
00000000
00000110
10001100
00010100
00000000
00000111
10001100
00010101
00000000
00001000
10001100
00010110
00000000
00001001
10001100
00010111
00000000
00001010
10001100
00011000
00000000
00001011
10001100
00011001
00000000
00001100
00010001
10100001
00000000
00111111
00110000
01000010
00000000
00000000
00110000
01100011
00000000
00000000
00110000
10000100
00000000
00000000
00110000
10100101
00000000
00000000
00110000
11000110
00000000
00000000
00110000
11100111
00000000
00000000
00010000
00101000
00000000
00000011
00010000
00101001
00000000
00000110
00010000
00101010
00000000
00001001
00010000
00101011
00000000
00001100
00111100
01001110
00010000
00100000
00111100
01110010
00011000
00100000
00111100
10010011
00100000
00100000
00010000
00000000
00000000
00001011
00111100
01001111
00010000
00100000
00111100
01110100
00011000
00100000
00111100
10010101
00100000
00100000
00010000
00000000
00000000
00000111
00111100
01010000
00010000
00100000
00111100
01110110
00011000
00100000
00111100
10010111
00100000
00100000
00010000
00000000
00000000
00000011
00111100
01010001
00010000
00100000
00111100
01111000
00011000
00100000
00111100
10011001
00100000
00100000
00010000
01001000
00000000
00000011
00010000
01001001
00000000
00000101
00010000
01001010
00000000
00000111
00010000
01001011
00000000
00001100
00111100
01100100
00110000
00100000
00110000
11100111
00000000
00000000
00010000
00000000
00000000
00001111
00011000
01100100
00110000
00100010
00110000
11100111
00000000
00000000
00010000
00000000
00000000
00001100
00010000
10100100
00000000
00000011
00111100
11000011
00110000
00100000
00100000
10100101
00000000
00000001
00001000
00000000
00000000
00110001
00110000
11100111
00000000
00000000
00010000
00000000
00000000
00000110
00111100
11100011
00111000
00100000
00011100
11100100
01100000
00101010
00010001
10001001
00000000
00000011
00100000
11000110
00000000
00000001
00011000
11100100
00111000
00100010
00001000
00000000
00000000
00111000
00010000
00101000
00000000
00000011
00010000
00101001
00000000
00000101
00010000
00101010
00000000
00000111
00010000
00101011
00000000
00001001
10101100
00000110
00000000
00001111
10101100
00000111
00000000
00010000
00010000
00000000
00000000
00001000
10101100
00000110
00000000
00010001
10101100
00000111
00000000
00010010
00010000
00000000
00000000
00000101
10101100
00000110
00000000
00010011
10101100
00000111
00000000
00010100
00010000
00000000
00000000
00000010
10101100
00000110
00000000
00010101
10101100
00000111
00000000
00010110
00100000
00100001
00000000
00000001
00001000
00000000
00000000
00001101
